0.000000000 0.000000000
0.000000000 0.000000000
0.055658840 1.816720000
0.000000000 0.000000000
0.000000000 0.000000000
0.000000000 0.000000000
0.109141829 0.000000000
0.000000000 -10.000000000
0.000000000 0.000000000
-0.176100777 -2.549840000
0.000000000 0.000000000
0.000000000 0.000000000
0.000000000 0.000000000
0.000000000 0.000000000
0.000000000 3.000000000
0.000000000 0.000000000
0.000000000 3.000000000
0.000000000 0.000000000
0.000000000 0.000000000
0.000000000 0.000000000
-0.091314166 0.000000000
0.000000000 0.000000000
0.000000000 3.346624000
0.000000000 0.000000000
0.000000000 0.000000000
0.000000000 0.000000000
0.000000000 0.000000000
0.000000000 0.000000000
0.000000000 4.673312000
0.000000000 0.000000000
0.000000000 0.000000000
0.000000000 0.000000000
0.000000000 0.653376000
0.000000000 0.000000000
0.017827663 0.673312000
0.000000000 0.000000000
0.000000000 0.000000000
0.000000000 0.000000000
0.000000000 0.000000000
0.000000000 0.000000000
0.000000000 0.000000000
0.000000000 0.000000000
0.000000000 0.000000000
0.000000000 0.000000000
0.000000000 -1.000000000
0.000000000 0.000000000
0.109141829 0.000000000
0.000000000 0.000000000
0.000000000 0.000000000
0.000000000 0.000000000
0.000000000 0.000000000
0.000000000 0.000000000
0.000000000 0.000000000
0.000000000 0.000000000
0.000000000 0.000000000
0.000000000 -0.163344000
0.000000000 0.000000000
0.000000000 0.000000000
0.000000000 0.000000000
0.000000000 0.000000000
0.000000000 0.000000000
0.000000000 0.000000000
0.000000000 -0.836656000
0.000000000 0.000000000
0.000000000 0.000000000
0.000000000 0.490032000
0.000000000 0.000000000
0.000000000 0.000000000
0.000000000 0.000000000
0.000000000 0.000000000
0.000000000 1.673312000
0.000000000 0.000000000
0.000000000 2.000000000
0.000000000 0.000000000
0.000000000 0.000000000
0.200455995 0.000000000
0.000000000 0.000000000
0.000000000 1.673312000
0.000000000 0.000000000
0.000000000 0.000000000
0.000000000 0.000000000
0.000000000 0.000000000
0.000000000 0.000000000
0.000000000 0.000000000
0.000000000 0.000000000
0.000000000 0.000000000
0.000000000 0.000000000
0.000000000 8.000000000
0.000000000 0.000000000
0.000000000 0.000000000
0.000000000 5.019936000
0.000000000 0.000000000
0.000000000 0.143408000
0.000000000 0.000000000
0.000000000 0.000000000
0.000000000 0.000000000
0.000000000 0.000000000
0.000000000 0.000000000
0.000000000 0.000000000
0.000000000 -4.163344000
0.000000000 0.000000000
0.000000000 0.000000000
-0.000000000 -0.163344000
0.015651811 0.019936000
0.000000000 0.000000000
0.000000000 0.000000000
0.000000000 -2.673312000
0.000000000 0.000000000
0.000000000 0.000000000
0.000000000 0.000000000
0.000000000 0.000000000
-0.086541612 -0.043728000
0.000000000 0.000000000
0.000000000 0.000000000
0.000000000 0.000000000
-0.000000000 0.000000000
1.091418287 0.000000000
0.000000000 1.000000000
0.000000000 0.000000000
0.000000000 0.000000000
0.000000000 0.000000000
0.000000000 0.000000000
0.000000000 0.000000000
0.073486503 0.000000000
0.000000000 0.326688000
0.000000000 0.000000000
0.000000000 0.000000000
0.000000000 0.000000000
0.000000000 0.000000000
0.000000000 0.000000000
0.000000000 0.000000000
0.000000000 0.000000000
0.000000000 0.000000000
-0.000000000 -0.836656000
0.000000000 0.000000000
-0.053482989 0.000000000
0.000000000 0.000000000
0.000000000 0.000000000
0.000000000 5.000000000
0.000000000 6.856592000
0.000000000 0.000000000
0.000000000 0.000000000
0.126969492 0.000000000
0.000000000 0.000000000
0.004772554 2.446304000
0.000000000 0.000000000
0.000000000 0.326688000
0.171328223 0.266880000
0.000000000 0.000000000
-0.035655326 0.000000000
0.035655326 0.346624000
0.000000000 0.000000000
0.000000000 0.000000000
0.000000000 0.000000000
-0.490050303 0.000000000
0.000000000 0.000000000
0.000000000 0.000000000
0.000000000 4.000000000
0.000000000 0.000000000
0.000000000 0.000000000
-0.086962463 -3.713184000
0.000000000 0.163344000
0.000000000 0.000000000
0.000000000 0.000000000
0.000000000 0.000000000
0.000000000 0.000000000
0.000000000 0.000000000
0.000000000 0.000000000
0.000000000 0.000000000
0.000000000 0.000000000
0.000000000 0.000000000
0.051307137 4.693248000
0.000000000 0.000000000
0.000000000 0.163344000
0.000000000 -0.836656000
-0.000000000 0.000000000
0.000000000 0.000000000
0.000000000 0.000000000
0.000000000 0.000000000
0.000000000 0.000000000
0.000000000 0.000000000
0.000000000 0.000000000
0.000000000 0.000000000
0.000000000 0.000000000
0.000000000 0.000000000
0.000000000 0.000000000
0.000000000 0.000000000
0.000000000 0.000000000
0.000000000 0.000000000
0.000000000 0.000000000
0.000000000 0.000000000
0.000000000 0.000000000
0.000000000 0.000000000
0.000000000 0.000000000
0.000000000 -0.163344000
0.000000000 0.000000000
0.000000000 -1.509968000
0.000000000 0.000000000
0.000000000 0.000000000
0.000000000 0.000000000
0.000000000 -0.326688000
0.000000000 -0.509968000
0.000000000 0.000000000
0.000000000 0.000000000
0.000000000 0.000000000
0.000000000 -1.836656000
0.000000000 -0.836656000
0.000000000 0.000000000
0.000000000 0.000000000
0.000000000 -1.673312000
0.000000000 0.000000000
0.000000000 1.163344000
0.000000000 0.000000000
0.000000000 0.000000000
0.000000000 0.000000000
-0.080434908 -3.263024000
0.000000000 0.000000000
0.000000000 -0.836656000
0.000000000 0.000000000
0.000000000 0.000000000
0.000000000 0.000000000
0.071310651 0.019936000
0.000000000 0.000000000
0.000000000 -0.163344000
0.000000000 0.000000000
0.000000000 0.000000000
0.000000000 0.000000000
0.000000000 0.000000000
0.000000000 0.836656000
0.000000000 0.000000000
0.000000000 0.000000000
0.000000000 0.000000000
0.000000000 0.000000000
0.000000000 0.000000000
0.000000000 0.000000000
0.000000000 0.000000000
-0.436567315 0.000000000
0.000000000 6.673312000
-0.040007029 -0.960128000
0.325249635 5.019936000
0.000000000 0.000000000
0.000000000 0.000000000
0.000000000 -10.000000000
0.000000000 0.000000000
0.000000000 0.000000000
-0.035655326 0.000000000
0.000000000 0.000000000
0.000000000 0.000000000
-0.220459509 0.000000000
-0.000000000 -0.326688000
0.000000000 0.000000000
-0.069134800 -0.386496000
0.000000000 0.000000000
0.000000000 2.856592000
0.000000000 0.000000000
0.000000000 0.000000000
0.000000000 0.000000000
0.084786611 4.406432000
-0.004772554 -0.792928000
0.000000000 0.000000000
0.000000000 7.183280000
0.000000000 0.000000000
0.000000000 0.000000000
0.000000000 0.000000000
0.000000000 0.000000000
0.000000000 -0.836656000
0.013055109 0.043728000
0.000000000 0.000000000
-0.799648127 0.000000000
0.000000000 0.000000000
0.000000000 0.000000000
0.000000000 -5.019936000
0.000000000 0.000000000
0.000000000 0.000000000
-0.013055109 -0.043728000
0.000000000 0.000000000
0.000000000 0.000000000
0.000000000 3.673312000
0.000000000 -0.836656000
0.000000000 0.000000000
0.000000000 0.000000000
0.089138314 2.346624000
0.000000000 0.000000000
0.000000000 0.000000000
0.000000000 0.000000000
0.000000000 0.000000000
0.000000000 0.000000000
0.000000000 0.000000000
0.000000000 0.000000000
0.000000000 0.000000000
0.000000000 0.000000000
0.000000000 0.000000000
0.000000000 0.000000000
0.000000000 0.000000000
0.000000000 -0.326688000
0.000000000 0.000000000
0.000000000 0.000000000
0.000000000 5.000000000
0.000000000 0.000000000
0.000000000 0.000000000
0.000000000 0.000000000
0.000000000 0.000000000
-0.002175851 -1.980064000
-0.000000000 -0.836656000
0.000000000 0.000000000
0.000000000 0.000000000
-0.033058623 -0.043728000
0.000000000 0.000000000
0.000000000 0.000000000
0.000000000 0.000000000
0.603543835 0.980064000
0.000000000 0.326688000
0.000000000 0.000000000
0.000000000 0.000000000
0.000000000 0.163344000
0.000000000 -0.836656000
0.000000000 0.000000000
0.000000000 0.000000000
0.000000000 0.000000000
0.000000000 0.000000000
0.000000000 0.000000000
0.000000000 0.000000000
0.000000000 0.000000000
0.000000000 -7.000000000
0.000000000 0.000000000
-0.431794761 -2.043728000
0.000000000 -1.326688000
0.000000000 0.000000000
0.000000000 0.346624000
0.000000000 0.000000000
0.000000000 0.000000000
0.000000000 -3.509968000
0.000000000 0.000000000
0.000000000 0.000000000
0.000000000 0.000000000
-0.051307137 -0.876528000
0.000000000 0.000000000
0.000000000 0.000000000
0.000000000 0.000000000
0.000000000 -2.673312000
-0.182628332 -0.326688000
0.000000000 0.836656000
0.000000000 0.326688000
0.000000000 0.000000000
0.000000000 0.000000000
0.000000000 0.000000000
0.000000000 0.000000000
0.000000000 0.000000000
0.000000000 0.000000000
0.000000000 0.000000000
0.000000000 0.000000000
-0.378732623 -0.386496000
0.000000000 0.000000000
0.000000000 0.000000000
0.000000000 0.000000000
0.000000000 0.000000000
0.144797154 0.000000000
0.000000000 0.000000000
0.000000000 0.000000000
0.000000000 0.000000000
0.309597823 0.000000000
0.000000000 0.000000000
0.000000000 0.000000000
0.033479474 3.693248000
0.000000000 0.000000000
0.000000000 -0.836656000
0.000000000 1.490032000
0.000000000 0.000000000
0.000000000 -0.836656000
0.000000000 0.000000000
0.000000000 8.019936000
0.000000000 0.000000000
0.000000000 -7.836656000
0.000000000 6.326688000
-0.017827663 -0.000000000
0.000000000 3.000000000
0.000000000 0.000000000
0.000000000 0.000000000
0.000000000 4.000000000
-0.291770160 0.000000000
0.000000000 1.673312000
0.080434908 7.263024000
0.002175851 3.653376000
0.000000000 0.000000000
0.000000000 0.000000000
0.000000000 9.000000000
0.000000000 0.000000000
0.042182880 0.776848000
0.000000000 0.000000000
0.000000000 0.000000000
0.000000000 0.836656000
0.000000000 0.000000000
-0.131321195 -1.306752000
0.000000000 0.000000000
-0.367853366 -0.792928000
0.000000000 0.000000000
0.000000000 0.000000000
0.000000000 0.000000000
0.000000000 5.836656000
0.000000000 0.000000000
0.000000000 0.000000000
0.000000000 0.163344000
0.075662354 0.980064000
0.000000000 0.000000000
0.000000000 2.000000000
0.000000000 0.000000000
0.000000000 0.000000000
0.000000000 0.000000000
0.000000000 0.000000000
0.035655326 0.000000000
0.000000000 0.000000000
0.000000000 1.000000000
0.000000000 0.000000000
0.000000000 0.000000000
0.000000000 0.000000000
0.000000000 0.000000000
0.000000000 0.000000000
0.037831177 0.653376000
0.000000000 0.000000000
0.000000000 1.326688000
0.000000000 2.163344000
0.000000000 0.000000000
0.000000000 0.000000000
0.000000000 0.000000000
0.000000000 0.000000000
0.000000000 0.000000000
-0.091314166 0.000000000
0.000000000 0.000000000
0.000000000 4.346624000
0.000000000 0.000000000
0.000000000 0.000000000
0.000000000 0.000000000
0.000000000 1.490032000
0.000000000 -2.000000000
0.000000000 0.653376000
-0.124793640 -4.856592000
-0.000000000 -0.836656000
-0.017827663 -0.000000000
0.000000000 4.346624000
0.000000000 0.000000000
0.000000000 -0.673312000
0.000000000 0.000000000
0.000000000 0.000000000
0.000000000 0.000000000
0.000000000 0.000000000
0.000000000 -2.509968000
0.000000000 -1.000000000
0.000000000 0.326688000
0.000000000 0.000000000
0.000000000 -1.163344000
0.000000000 -1.509968000
0.000000000 0.000000000
-0.086962463 -1.876528000
0.000000000 0.000000000
-0.236111320 0.000000000
0.000000000 -2.183280000
0.000000000 0.000000000
0.000000000 0.000000000
0.000000000 0.000000000
-0.000000000 -0.326688000
0.000000000 -5.856592000
0.000000000 0.000000000
0.000000000 0.000000000
0.000000000 0.000000000
0.000000000 0.000000000
0.000000000 0.000000000
0.000000000 0.000000000
0.292191011 4.322832000
-0.231759617 -0.876528000
0.000000000 7.529904000
0.000000000 0.000000000
-0.000000000 0.000000000
0.000000000 0.000000000
0.000000000 0.000000000
0.000000000 0.000000000
0.000000000 0.163344000
0.146973006 1.326688000
0.104790126 2.713184000
0.000000000 0.000000000
0.000000000 0.000000000
-0.013475960 -0.039872000
-0.200455995 0.000000000
0.000000000 -0.346624000
0.000000000 1.000000000
0.000000000 0.000000000
0.000000000 0.000000000
0.000000000 0.000000000
0.000000000 0.000000000
0.000000000 2.000000000
0.000000000 0.000000000
0.000000000 0.000000000
0.000000000 -0.673312000
0.000000000 0.000000000
0.000000000 0.000000000
0.000000000 0.000000000
0.000000000 0.000000000
0.000000000 1.000000000
0.000000000 0.000000000
0.000000000 0.000000000
0.000000000 0.000000000
0.000000000 0.000000000
0.000000000 0.000000000
-0.089138314 0.000000000
-0.211756103 -0.223152000
0.000000000 0.000000000
0.000000000 0.000000000
0.000000000 0.000000000
0.000000000 2.000000000
0.000000000 6.346624000
0.000000000 0.000000000
0.000000000 0.000000000
0.000000000 0.000000000
0.000000000 0.163344000
0.000000000 0.000000000
0.109141829 0.000000000
0.000000000 0.000000000
0.000000000 0.000000000
0.000000000 0.000000000
0.000000000 0.000000000
0.000000000 0.326688000
0.000000000 0.000000000
0.000000000 0.000000000
0.000000000 0.000000000
0.000000000 0.000000000
0.000000000 0.000000000
-0.000000000 0.000000000
0.000000000 0.000000000
-0.035655326 0.000000000
0.000000000 1.509968000
0.000000000 1.183280000
0.000000000 0.000000000
0.000000000 0.490032000
0.000000000 0.000000000
0.000000000 3.836656000
0.000000000 0.000000000
0.000000000 0.000000000
-0.146973006 0.000000000
0.000000000 0.000000000
0.000000000 0.000000000
0.000000000 0.000000000
0.000000000 0.000000000
0.000000000 0.000000000
0.000000000 0.000000000
0.000000000 0.000000000
0.000000000 0.000000000
0.000000000 0.000000000
0.000000000 0.000000000
0.000000000 0.000000000
0.037831177 1.306752000
0.000000000 0.000000000
0.000000000 0.000000000
0.000000000 0.000000000
0.712685664 0.000000000
0.000000000 0.000000000
0.000000000 0.000000000
0.000000000 0.000000000
0.000000000 0.000000000
0.000000000 0.000000000
0.000000000 2.163344000
-0.169152372 -0.450160000
0.000000000 0.000000000
0.000000000 0.000000000
0.000000000 0.000000000
0.000000000 0.000000000
0.000000000 0.000000000
0.000000000 -3.346624000
0.000000000 0.000000000
0.000000000 0.000000000
0.000000000 8.183280000
0.000000000 0.000000000
0.000000000 -0.163344000
0.000000000 -0.163344000
0.000000000 0.000000000
0.000000000 0.000000000
-0.017827663 -0.000000000
-0.089138314 -0.673312000
0.000000000 0.000000000
0.000000000 0.163344000
0.000000000 0.000000000
0.000000000 0.000000000
0.000000000 0.000000000
-0.162624817 0.000000000
0.000000000 0.000000000
0.000000000 0.000000000
0.062186395 0.266880000
0.000000000 0.143408000
0.000000000 0.000000000
0.000000000 0.000000000
0.000000000 -2.000000000
0.000000000 0.673312000
0.000000000 0.000000000
0.000000000 0.000000000
0.000000000 0.000000000
0.000000000 0.000000000
0.000000000 0.000000000
0.000000000 0.326688000
0.000000000 3.000000000
0.000000000 0.000000000
0.000000000 0.000000000
0.000000000 0.000000000
0.000000000 0.000000000
0.000000000 0.000000000
0.000000000 0.000000000
0.000000000 0.000000000
0.000000000 0.000000000
0.000000000 0.000000000
0.000000000 0.000000000
0.000000000 0.000000000
0.000000000 1.000000000
0.000000000 0.000000000
0.000000000 0.000000000
0.000000000 0.000000000
0.000000000 3.183280000
0.000000000 0.000000000
-0.017827663 0.000000000
0.000000000 1.836656000
0.000000000 0.000000000
0.162624817 0.000000000
0.000000000 0.000000000
0.000000000 -2.183280000
0.000000000 0.000000000
0.363080812 0.000000000
0.000000000 1.673312000
-0.109141829 0.000000000
0.000000000 -0.346624000
0.000000000 0.673312000
0.000000000 0.000000000
0.309597823 0.000000000
0.000000000 -2.673312000
0.000000000 1.836656000
0.000000000 0.000000000
0.000000000 0.163344000
0.000000000 1.346624000
0.000000000 0.000000000
0.000000000 6.000000000
0.000000000 0.000000000
0.000000000 2.183280000
-0.073486503 0.000000000
0.000000000 0.000000000
0.000000000 0.000000000
0.000000000 0.000000000
0.000000000 0.000000000
0.000000000 0.470096000
0.000000000 0.000000000
0.000000000 0.000000000
0.000000000 0.000000000
0.000000000 0.000000000
-0.106965977 0.000000000
0.000000000 -4.326688000
0.000000000 0.000000000
0.000000000 0.000000000
0.000000000 0.000000000
0.000000000 0.000000000
0.000000000 4.183280000
0.405684543 4.282960000
0.000000000 0.000000000
0.000000000 0.000000000
0.000000000 0.000000000
0.000000000 0.163344000
0.000000000 0.000000000
0.000000000 3.856592000
0.000000000 0.000000000
0.000000000 0.000000000
0.000000000 0.000000000
0.000000000 0.000000000
0.000000000 0.000000000
-0.017827663 0.000000000
0.000000000 0.000000000
0.000000000 -2.836656000
0.000000000 9.000000000
0.000000000 0.000000000
0.000000000 0.000000000
-0.654850972 0.000000000
0.000000000 0.000000000
0.000000000 0.000000000
0.000000000 0.000000000
0.000000000 2.470096000
0.000000000 6.673312000
0.000000000 0.000000000
0.000000000 0.000000000
0.000000000 0.000000000
0.000000000 0.000000000
0.000000000 0.000000000
0.000000000 0.000000000
0.000000000 -0.836656000
0.000000000 0.000000000
-0.000000000 0.000000000
0.000000000 -0.836656000
0.000000000 0.000000000
0.000000000 0.000000000
0.000000000 -0.836656000
0.000000000 0.000000000
0.000000000 0.000000000
0.000000000 0.000000000
0.000000000 0.000000000
0.000000000 0.000000000
0.000000000 0.000000000
0.000000000 0.000000000
0.000000000 0.000000000
0.000000000 0.000000000
0.000000000 0.000000000
0.000000000 3.000000000
0.000000000 0.000000000
0.000000000 -0.836656000
0.000000000 0.000000000
0.000000000 0.000000000
0.000000000 1.346624000
0.000000000 0.000000000
-0.017827663 0.000000000
0.000000000 0.000000000
0.000000000 0.000000000
0.000000000 1.000000000
0.000000000 2.000000000
0.000000000 7.000000000
0.000000000 0.000000000
0.000000000 0.000000000
0.000000000 1.306752000
0.000000000 0.000000000
0.000000000 0.000000000
0.000000000 0.000000000
0.000000000 0.000000000
0.000000000 0.000000000
0.000000000 0.000000000
-0.017827663 0.000000000
0.000000000 -1.000000000
-0.055658840 -0.490032000
0.000000000 0.000000000
0.000000000 0.000000000
0.000000000 3.836656000
0.000000000 0.000000000
0.000000000 0.000000000
0.000000000 0.000000000
0.000000000 0.000000000
0.000000000 -2.000000000
0.000000000 1.673312000
0.000000000 1.673312000
0.000000000 0.000000000
0.000000000 0.000000000
0.000000000 0.000000000
0.000000000 0.836656000
0.000000000 0.000000000
0.000000000 0.000000000
-0.002175851 -0.143408000
0.000000000 -4.346624000
0.000000000 0.000000000
0.000000000 -0.653376000
0.000000000 0.000000000
0.000000000 -1.673312000
0.024355217 2.266880000
0.000000000 0.000000000
0.000000000 0.000000000
0.000000000 0.000000000
0.000000000 0.000000000
0.091314166 0.000000000
0.000000000 0.000000000
0.000000000 0.000000000
0.000000000 -0.326688000
0.000000000 0.000000000
0.000000000 0.000000000
0.000000000 0.000000000
0.000000000 0.000000000
0.000000000 -1.673312000
0.000000000 -5.856592000
0.000000000 0.000000000
0.000000000 0.000000000
0.000000000 -4.693248000
0.000000000 0.000000000
0.000000000 0.000000000
0.000000000 0.000000000
0.140445451 0.203216000
0.000000000 0.000000000
0.000000000 0.000000000
0.000000000 0.000000000
0.000000000 0.000000000
0.000000000 0.000000000
0.000000000 0.000000000
0.000000000 0.000000000
0.000000000 0.000000000
0.000000000 0.000000000
0.000000000 -0.163344000
0.000000000 0.000000000
0.000000000 0.346624000
0.000000000 0.000000000
0.000000000 0.000000000
0.000000000 0.000000000
0.000000000 0.000000000
0.000000000 0.000000000
0.000000000 0.000000000
0.000000000 0.000000000
0.031303623 6.713184000
0.000000000 4.836656000
0.000000000 0.000000000
0.022179366 1.306752000
0.000000000 0.000000000
0.073486503 0.653376000
0.000000000 0.000000000
0.000000000 -2.019936000
0.000000000 0.000000000
0.000000000 0.000000000
0.000000000 -5.000000000
0.000000000 0.000000000
0.000000000 7.529904000
0.000000000 0.000000000
0.000000000 4.673312000
0.000000000 0.000000000
0.000000000 2.490032000
0.000000000 0.000000000
0.000000000 0.000000000
0.000000000 0.000000000
0.000000000 0.000000000
0.000000000 0.000000000
0.000000000 0.000000000
0.000000000 0.000000000
0.000000000 -5.509968000
0.000000000 0.000000000
0.000000000 0.000000000
0.000000000 0.000000000
0.000000000 0.000000000
0.000000000 0.000000000
0.000000000 0.000000000
0.000000000 0.000000000
0.000000000 0.000000000
0.017827663 0.000000000
0.000000000 0.000000000
-0.000000000 -0.490032000
0.000000000 0.000000000
0.000000000 0.000000000
0.000000000 0.000000000
0.000000000 0.000000000
0.000000000 0.000000000
0.000000000 0.000000000
0.000000000 0.000000000
0.265239092 2.569776000
0.000000000 0.000000000
0.000000000 0.000000000
0.000000000 1.000000000
0.000000000 0.000000000
0.000000000 0.000000000
0.000000000 -0.490032000
0.000000000 0.000000000
0.000000000 5.856592000
0.000000000 0.000000000
0.000000000 0.000000000
0.000000000 0.000000000
0.000000000 0.000000000
0.109141829 0.000000000
0.000000000 0.000000000
0.000000000 0.000000000
0.000000000 0.000000000
0.000000000 0.346624000
0.000000000 0.000000000
0.000000000 0.000000000
0.000000000 0.000000000
0.000000000 0.000000000
0.000000000 1.673312000
0.000000000 0.000000000
0.000000000 0.000000000
0.000000000 0.000000000
0.000000000 -0.836656000
0.000000000 0.000000000
0.000000000 -3.490032000
0.000000000 0.000000000
0.000000000 0.000000000
0.000000000 0.000000000
0.000000000 0.000000000
0.000000000 0.000000000
0.000000000 6.000000000
0.000000000 -0.836656000
0.000000000 0.000000000
0.000000000 -4.673312000
0.000000000 4.000000000
0.000000000 0.000000000
0.000000000 1.836656000
0.000000000 0.000000000
0.000000000 -0.836656000
0.000000000 0.000000000
0.000000000 0.000000000
0.000000000 0.000000000
0.000000000 0.000000000
0.000000000 -0.509968000
0.000000000 0.000000000
0.000000000 0.000000000
0.000000000 0.000000000
0.000000000 0.000000000
0.000000000 1.509968000
0.000000000 0.000000000
0.000000000 4.000000000
-0.015651811 -0.856592000
0.000000000 0.000000000
0.000000000 -0.163344000
0.000000000 0.000000000
0.218283657 0.000000000
0.000000000 0.000000000
0.000000000 0.000000000
0.000000000 -2.673312000
-0.075662354 -1.306752000
0.000000000 -0.326688000
0.000000000 0.000000000
0.000000000 0.000000000
0.000000000 0.000000000
0.000000000 0.000000000
0.000000000 0.000000000
0.000000000 3.346624000
0.000000000 0.000000000
0.000000000 -1.000000000
0.000000000 0.000000000
0.017827663 2.163344000
0.000000000 -0.163344000
0.000000000 0.000000000
0.000000000 0.000000000
0.000000000 0.000000000
0.000000000 2.000000000
0.000000000 0.000000000
0.000000000 0.000000000
0.000000000 6.693248000
0.000000000 0.000000000
0.000000000 -0.836656000
0.000000000 0.000000000
0.000000000 -4.000000000
0.109141829 0.163344000
0.000000000 0.000000000
0.000000000 0.000000000
0.000000000 0.000000000
0.000000000 0.000000000
0.000000000 0.000000000
0.000000000 0.000000000
0.000000000 0.000000000
0.000000000 0.000000000
0.000000000 2.490032000
0.000000000 0.000000000
0.000000000 0.000000000
-0.182628332 0.000000000
0.000000000 0.326688000
0.000000000 0.000000000
0.000000000 0.000000000
0.000000000 3.000000000
0.000000000 0.673312000
0.000000000 0.000000000
0.000000000 0.000000000
0.000000000 0.000000000
0.000000000 0.000000000
0.000000000 0.000000000
0.000000000 -1.000000000
0.000000000 0.000000000
0.000000000 0.000000000
0.000000000 0.000000000
0.000000000 0.000000000
0.000000000 0.000000000
0.000000000 0.000000000
0.000000000 0.000000000
-0.000000000 0.000000000
0.000000000 0.000000000
0.000000000 1.673312000
0.000000000 0.000000000
0.000000000 0.000000000
0.000000000 0.000000000
0.000000000 0.000000000
0.000000000 -0.836656000
0.000000000 0.000000000
0.000000000 0.000000000
0.000000000 0.000000000
0.000000000 -1.000000000
0.000000000 0.000000000
0.000000000 -2.163344000
0.111738531 0.649520000
0.000000000 0.000000000
0.020003514 1.143408000
0.002175851 0.980064000
0.000000000 0.000000000
0.000000000 0.000000000
0.000000000 0.000000000
0.000000000 0.000000000
0.000000000 0.000000000
0.000000000 2.836656000
-0.053482989 0.000000000
0.000000000 0.000000000
0.000000000 0.000000000
0.000000000 0.000000000
0.000000000 0.000000000
0.000000000 0.000000000
0.000000000 0.000000000
0.000000000 0.000000000
0.000000000 4.673312000
0.000000000 0.000000000
0.000000000 0.000000000
0.000000000 0.000000000
0.000000000 0.000000000
0.000000000 0.000000000
0.000000000 7.163344000
0.000000000 0.000000000
0.000000000 0.000000000
0.000000000 0.000000000
0.000000000 0.000000000
0.000000000 0.000000000
0.000000000 0.000000000
0.000000000 0.000000000
-0.053482989 -0.509968000
0.000000000 0.000000000
0.000000000 0.000000000
0.000000000 0.000000000
0.000000000 0.000000000
0.000000000 0.000000000
0.000000000 0.000000000
0.109141829 0.000000000
0.000000000 0.000000000
0.000000000 2.836656000
0.000000000 0.000000000
0.000000000 0.000000000
0.000000000 0.000000000
0.000000000 0.000000000
0.000000000 0.000000000
0.000000000 0.000000000
-0.000000000 0.000000000
0.000000000 0.163344000
0.000000000 0.000000000
0.000000000 0.000000000
0.000000000 0.000000000
0.000000000 0.000000000
0.000000000 0.000000000
0.000000000 0.000000000
0.000000000 0.000000000
0.000000000 0.000000000
0.000000000 -0.163344000
-0.000000000 -0.836656000
0.000000000 0.000000000
0.000000000 0.000000000
0.000000000 0.000000000
0.000000000 0.000000000
0.000000000 -2.490032000
0.000000000 0.000000000
0.000000000 -0.836656000
0.000000000 -0.326688000
0.000000000 0.000000000
0.000000000 0.000000000
0.000000000 0.000000000
-0.093490017 -0.306752000
0.000000000 0.000000000
0.000000000 0.000000000
0.000000000 0.000000000
0.000000000 0.000000000
0.000000000 0.000000000
0.000000000 0.000000000
0.000000000 0.000000000
0.000000000 0.000000000
0.000000000 0.000000000
0.000000000 -1.673312000
0.000000000 0.000000000
0.000000000 0.000000000
0.000000000 1.836656000
0.000000000 0.000000000
0.000000000 0.000000000
0.000000000 0.000000000
0.000000000 0.000000000
-0.222635360 0.000000000
0.000000000 0.000000000
0.000000000 3.346624000
0.000000000 0.000000000
0.000000000 0.000000000
0.000000000 0.000000000
0.000000000 0.000000000
0.000000000 -1.000000000
0.000000000 0.000000000
0.000000000 0.000000000
-0.271766646 0.000000000
0.000000000 0.000000000
0.000000000 0.000000000
0.000000000 0.000000000
0.000000000 0.836656000
0.000000000 0.000000000
0.000000000 -1.366560000
0.000000000 0.000000000
0.000000000 0.000000000
0.000000000 0.000000000
0.000000000 -0.836656000
0.000000000 0.000000000
0.000000000 0.000000000
0.144797154 0.836656000
0.000000000 0.000000000
0.000000000 0.000000000
0.000000000 0.000000000
0.000000000 0.000000000
0.000000000 0.000000000
0.000000000 0.000000000
0.000000000 0.000000000
0.000000000 0.000000000
0.000000000 2.000000000
0.000000000 1.490032000
0.000000000 -0.653376000
0.000000000 -0.876528000
0.000000000 0.000000000
0.327425486 0.000000000
0.024355217 2.920256000
0.000000000 0.000000000
0.000000000 0.000000000
0.000000000 0.000000000
0.000000000 0.000000000
-0.009124257 -0.753056000
0.017827663 0.000000000
0.000000000 0.000000000
0.000000000 0.000000000
0.000000000 0.000000000
0.000000000 0.000000000
0.000000000 0.000000000
0.000000000 8.000000000
0.000000000 -2.000000000
0.000000000 0.000000000
0.000000000 0.000000000
-0.017827663 0.000000000
0.000000000 0.000000000
0.000000000 0.000000000
0.000000000 0.000000000
0.000000000 0.000000000
0.000000000 0.000000000
0.000000000 0.000000000
0.000000000 1.673312000
0.000000000 0.000000000
-0.000000000 0.000000000
0.000000000 0.000000000
0.000000000 0.000000000
0.000000000 3.366560000
-0.000000000 0.000000000
0.000000000 0.000000000
0.000000000 0.143408000
-0.091314166 0.000000000
0.000000000 0.000000000
0.000000000 0.836656000
0.000000000 0.000000000
0.000000000 0.000000000
-0.200455995 0.000000000
0.000000000 0.000000000
0.000000000 0.000000000
0.000000000 -0.836656000
0.000000000 5.386496000
0.000000000 0.000000000
0.000000000 0.000000000
0.000000000 0.000000000
0.000000000 0.000000000
0.000000000 0.000000000
0.000000000 0.000000000
0.000000000 1.836656000
0.000000000 0.163344000
0.000000000 0.000000000
0.000000000 -2.326688000
0.000000000 0.000000000
0.000000000 0.000000000
0.000000000 0.000000000
0.000000000 0.000000000
0.000000000 2.673312000
0.000000000 0.326688000
-0.044779583 -2.916400000
0.000000000 0.000000000
0.091314166 0.000000000
-0.039586178 -0.473952000
0.000000000 0.000000000
0.000000000 0.000000000
0.000000000 -6.326688000
0.000000000 0.000000000
0.017827663 0.000000000
0.000000000 0.000000000
0.000000000 0.000000000
0.000000000 0.000000000
-0.035655326 0.000000000
0.000000000 0.836656000
0.000000000 0.000000000
0.000000000 0.000000000
-0.198280143 -0.183280000
0.000000000 0.000000000
0.000000000 0.000000000
0.000000000 0.000000000
0.000000000 0.000000000
0.000000000 -2.673312000
0.000000000 0.000000000
0.000000000 0.000000000
0.000000000 0.000000000
0.000000000 0.000000000
0.000000000 0.000000000
0.000000000 0.000000000
0.000000000 0.000000000
0.000000000 1.346624000
0.000000000 0.000000000
0.000000000 0.000000000
0.000000000 -1.000000000
0.000000000 0.000000000
0.000000000 0.000000000
0.000000000 0.000000000
0.000000000 0.000000000
0.000000000 0.000000000
0.000000000 0.000000000
0.000000000 1.000000000
0.000000000 0.000000000
0.000000000 0.000000000
0.000000000 0.000000000
0.000000000 0.000000000
0.000000000 0.000000000
0.000000000 0.000000000
-0.109141829 0.000000000
0.000000000 0.163344000
0.000000000 0.000000000
-0.017827663 0.000000000
0.000000000 0.000000000
0.000000000 0.000000000
0.000000000 0.000000000
0.000000000 0.000000000
0.000000000 0.000000000
0.000000000 0.000000000
0.000000000 1.163344000
-0.002175851 -0.143408000
0.000000000 0.000000000
0.000000000 -4.000000000
0.000000000 0.000000000
0.399156989 0.016080000
0.000000000 0.000000000
0.000000000 0.000000000
0.000000000 0.000000000
0.000000000 0.000000000
0.000000000 0.000000000
0.000000000 0.653376000
0.000000000 0.000000000
0.000000000 0.000000000
0.000000000 9.000000000
0.000000000 0.000000000
0.000000000 0.000000000
0.000000000 0.000000000
0.000000000 0.000000000
0.000000000 0.000000000
0.000000000 1.163344000
-0.000000000 -0.836656000
0.000000000 0.836656000
0.000000000 0.000000000
0.000000000 0.000000000
0.000000000 0.000000000
0.000000000 0.000000000
0.000000000 -3.000000000
0.000000000 -2.000000000
0.000000000 0.000000000
-0.000000000 0.000000000
0.000000000 0.000000000
-0.162624817 0.000000000
0.000000000 0.000000000
-0.000000000 -0.653376000
-0.071310651 0.000000000
0.000000000 -1.346624000
0.000000000 0.000000000
0.000000000 0.000000000
0.000000000 0.000000000
0.000000000 -1.673312000
0.000000000 0.000000000
0.000000000 0.000000000
0.000000000 0.000000000
-0.543533292 -0.183280000
0.000000000 0.000000000
0.000000000 1.163344000
0.000000000 1.000000000
0.000000000 0.000000000
0.000000000 0.000000000
0.000000000 0.000000000
0.000000000 4.693248000
0.000000000 0.000000000
0.333953041 0.450160000
0.000000000 -1.163344000
0.000000000 0.000000000
0.000000000 0.000000000
0.000000000 0.000000000
0.000000000 0.000000000
0.000000000 0.000000000
0.000000000 0.000000000
0.000000000 0.000000000
0.000000000 0.000000000
0.000000000 0.000000000
0.000000000 0.000000000
0.000000000 0.000000000
0.000000000 0.000000000
-0.084786611 -0.059808000
0.000000000 0.000000000
0.000000000 0.000000000
0.000000000 0.000000000
0.000000000 4.000000000
0.071310651 0.000000000
0.000000000 0.000000000
0.000000000 0.000000000
0.000000000 -0.673312000
0.000000000 0.000000000
0.126969492 0.000000000
0.037831177 0.000000000
0.000000000 0.000000000
0.000000000 0.836656000
0.000000000 0.000000000
0.000000000 -3.693248000
0.000000000 0.000000000
0.000000000 2.836656000
0.000000000 0.000000000
0.000000000 2.163344000
0.000000000 0.000000000
0.000000000 0.000000000
0.000000000 7.000000000
0.000000000 0.000000000
0.000000000 0.000000000
0.000000000 0.000000000
0.000000000 0.000000000
0.091314166 0.000000000
0.000000000 -3.000000000
0.000000000 0.000000000
0.000000000 0.000000000
0.000000000 3.346624000
0.000000000 0.000000000
0.000000000 2.673312000
0.000000000 0.000000000
0.000000000 0.000000000
0.000000000 -0.163344000
0.000000000 0.000000000
0.000000000 -1.673312000
-0.017827663 0.000000000
0.000000000 5.183280000
0.000000000 0.000000000
0.000000000 1.673312000
0.000000000 1.000000000
0.000000000 0.000000000
0.000000000 0.000000000
0.000000000 0.000000000
0.000000000 0.000000000
0.000000000 0.000000000
0.000000000 0.000000000
0.000000000 0.000000000
0.000000000 6.509968000
0.000000000 0.000000000
0.000000000 0.000000000
0.000000000 0.000000000
0.000000000 0.000000000
0.000000000 0.000000000
0.000000000 0.000000000
0.000000000 0.000000000
-0.017827663 0.000000000
0.000000000 0.000000000
0.000000000 0.000000000
0.000000000 0.000000000
0.000000000 0.000000000
0.000000000 0.000000000
0.000000000 0.000000000
0.000000000 0.000000000
0.000000000 0.000000000
0.000000000 0.000000000
0.000000000 0.000000000
0.000000000 0.000000000
0.000000000 3.509968000
0.000000000 0.000000000
0.000000000 0.000000000
0.000000000 0.326688000
0.000000000 0.000000000
0.000000000 9.000000000
0.000000000 0.000000000
0.000000000 -3.346624000
0.216107806 0.856592000
0.000000000 1.673312000
0.000000000 0.836656000
0.000000000 0.000000000
0.000000000 6.183280000
0.000000000 -0.163344000
0.287418457 4.039872000
-0.000000000 0.000000000
0.000000000 0.000000000
0.000000000 0.000000000
0.000000000 0.000000000
0.000000000 0.000000000
0.000000000 0.000000000
0.000000000 -0.673312000
0.000000000 -3.000000000
0.000000000 0.000000000
0.000000000 0.000000000
0.000000000 0.000000000
0.000000000 1.673312000
0.000000000 0.000000000
0.000000000 0.000000000
0.000000000 0.000000000
0.000000000 -2.673312000
0.000000000 0.163344000
0.000000000 0.000000000
0.000000000 1.326688000
0.000000000 0.000000000
0.000000000 0.000000000
0.000000000 0.000000000
0.000000000 -0.836656000
0.000000000 0.000000000
0.000000000 0.000000000
0.000000000 0.000000000
0.000000000 0.000000000
0.490471154 1.506112000
0.000000000 0.000000000
0.000000000 0.000000000
0.000000000 0.163344000
0.000000000 0.000000000
0.000000000 0.000000000
0.000000000 0.000000000
0.000000000 0.000000000
0.000000000 1.346624000
0.000000000 0.000000000
0.000000000 0.000000000
0.000000000 1.836656000
0.000000000 0.000000000
0.000000000 0.000000000
0.000000000 0.000000000
-0.178276629 -1.366560000
-0.109141829 0.000000000
0.000000000 0.000000000
0.000000000 0.000000000
0.000000000 0.000000000
0.000000000 0.000000000
0.000000000 0.000000000
0.000000000 0.326688000
0.000000000 4.693248000
0.000000000 0.000000000
-0.436567315 -2.509968000
0.000000000 4.490032000
0.000000000 0.000000000
0.000000000 3.509968000
0.273942498 5.490032000
0.000000000 0.000000000
0.000000000 0.000000000
0.000000000 0.000000000
-0.113072681 -0.963984000
0.000000000 0.000000000
-0.252183983 -0.526048000
0.000000000 0.000000000
0.000000000 0.000000000
0.000000000 0.000000000
0.017827663 0.000000000
0.000000000 -4.000000000
0.000000000 0.000000000
0.000000000 0.000000000
0.000000000 0.000000000
0.073486503 0.000000000
0.000000000 0.000000000
0.000000000 -0.326688000
0.000000000 0.000000000
0.000000000 -0.163344000
0.000000000 0.000000000
0.000000000 0.000000000
0.000000000 0.000000000
0.000000000 0.000000000
0.000000000 0.000000000
0.000000000 0.000000000
0.000000000 4.490032000
0.017827663 1.509968000
0.000000000 -3.836656000
0.000000000 0.000000000
0.000000000 0.000000000
0.000000000 0.000000000
0.000000000 -2.346624000
0.000000000 -0.673312000
0.000000000 0.000000000
0.000000000 0.000000000
0.000000000 0.000000000
0.182628332 0.000000000
0.000000000 0.000000000
0.000000000 0.000000000
0.454394978 0.000000000
0.000000000 -0.326688000
0.000000000 0.000000000
0.000000000 0.000000000
0.000000000 0.000000000
0.000000000 0.000000000
0.000000000 0.000000000
0.000000000 0.000000000
0.000000000 0.000000000
0.000000000 0.183280000
0.000000000 0.000000000
0.000000000 0.000000000
0.000000000 -0.509968000
0.000000000 0.000000000
0.000000000 0.000000000
0.000000000 0.000000000
0.000000000 0.163344000
0.000000000 0.000000000
-0.000000000 -1.836656000
0.000000000 0.000000000
0.000000000 1.000000000
0.000000000 0.000000000
0.000000000 0.000000000
0.000000000 6.836656000
0.000000000 3.673312000
-0.093910868 -0.139552000
0.000000000 0.000000000
0.000000000 0.000000000
0.000000000 2.000000000
0.000000000 0.000000000
0.000000000 -3.346624000
0.000000000 0.000000000
0.000000000 0.000000000
0.000000000 0.000000000
-0.082189909 -4.573632000
0.000000000 0.000000000
0.000000000 0.000000000
0.000000000 0.000000000
0.000000000 -0.673312000
0.000000000 0.000000000
0.000000000 0.000000000
-0.000000000 -3.000000000
0.000000000 0.000000000
0.000000000 0.000000000
0.000000000 -2.326688000
0.000000000 0.000000000
0.000000000 0.000000000
0.000000000 0.000000000
0.169573223 0.629584000
0.000000000 0.000000000
0.000000000 0.836656000
0.000000000 0.000000000
0.000000000 0.000000000
0.000000000 0.000000000
0.000000000 0.000000000
0.022179366 0.980064000
0.000000000 0.000000000
0.000000000 0.000000000
0.000000000 0.000000000
0.000000000 0.000000000
0.000000000 0.000000000
0.000000000 0.000000000
0.000000000 0.000000000
0.000000000 -2.509968000
-0.002175851 -0.143408000
0.000000000 0.000000000
0.000000000 0.000000000
0.340901446 2.549840000
0.000000000 0.000000000
0.000000000 -2.509968000
0.000000000 0.000000000
0.000000000 0.000000000
0.000000000 0.000000000
0.000000000 0.000000000
0.000000000 0.000000000
0.000000000 0.000000000
0.000000000 0.000000000
0.000000000 -4.183280000
0.073486503 0.000000000
0.000000000 0.836656000
0.000000000 0.000000000
0.000000000 0.000000000
0.000000000 0.000000000
0.000000000 1.816720000
0.000000000 0.000000000
0.000000000 0.000000000
0.000000000 0.000000000
0.000000000 1.163344000
0.000000000 0.000000000
0.000000000 -2.000000000
0.000000000 3.673312000
0.000000000 0.000000000
0.000000000 0.000000000
0.000000000 0.000000000
0.000000000 1.673312000
0.000000000 0.000000000
0.111317680 0.980064000
0.000000000 0.000000000
0.000000000 0.326688000
0.060010543 0.286816000
-0.654850972 0.000000000
0.000000000 1.326688000
0.000000000 1.673312000
0.000000000 0.000000000
0.000000000 0.000000000
0.000000000 -1.000000000
0.000000000 1.000000000
0.000000000 0.000000000
0.000000000 0.000000000
0.000000000 0.000000000
0.000000000 0.000000000
0.000000000 1.673312000
0.000000000 0.000000000
0.000000000 0.000000000
0.000000000 0.000000000
0.000000000 0.000000000
0.000000000 0.000000000
0.436567315 0.000000000
0.000000000 5.346624000
0.000000000 0.000000000
0.000000000 0.000000000
0.000000000 0.000000000
0.000000000 0.000000000
0.000000000 0.000000000
0.000000000 0.000000000
0.000000000 -5.346624000
0.000000000 0.000000000
0.000000000 0.000000000
0.000000000 0.000000000
0.000000000 0.000000000
0.000000000 0.000000000
0.000000000 0.000000000
0.017827663 0.490032000
0.000000000 0.000000000
0.000000000 0.000000000
0.000000000 0.000000000
0.000000000 0.000000000
-0.013055109 -0.717040000
-0.024355217 -1.633440000
0.000000000 0.000000000
0.000000000 0.000000000
0.000000000 0.000000000
0.000000000 0.000000000
0.000000000 0.000000000
0.000000000 0.000000000
0.000000000 0.836656000
0.000000000 0.000000000
0.000000000 0.836656000
0.000000000 0.000000000
0.000000000 0.000000000
0.002175851 0.980064000
0.000000000 0.000000000
0.000000000 0.836656000
0.000000000 0.000000000
-0.017827663 0.000000000
0.000000000 -0.836656000
0.000000000 0.326688000
0.000000000 0.000000000
0.000000000 0.000000000
0.000000000 0.000000000
0.000000000 0.000000000
0.000000000 2.509968000
0.000000000 0.000000000
0.000000000 0.000000000
0.000000000 0.000000000
0.000000000 0.000000000
0.000000000 1.000000000
0.000000000 0.000000000
0.000000000 0.163344000
0.000000000 0.000000000
0.000000000 -0.836656000
0.000000000 0.000000000
0.000000000 1.000000000
0.000000000 0.000000000
0.372205069 0.753056000
0.000000000 0.000000000
0.000000000 0.000000000
0.000000000 0.000000000
0.000000000 -2.000000000
0.000000000 0.000000000
-0.020003514 -1.490032000
0.000000000 0.000000000
0.000000000 -0.163344000
0.000000000 0.000000000
0.000000000 0.000000000
0.000000000 0.000000000
0.073486503 0.000000000
0.000000000 0.163344000
0.000000000 0.000000000
0.000000000 0.000000000
-0.000000000 0.000000000
0.000000000 0.000000000
0.000000000 0.000000000
0.000000000 0.000000000
0.124793640 0.000000000
0.000000000 0.000000000
0.000000000 0.000000000
0.000000000 0.000000000
0.000000000 -3.346624000
0.000000000 1.673312000
0.000000000 0.000000000
0.000000000 0.000000000
0.000000000 0.000000000
0.000000000 6.856592000
0.000000000 0.000000000
0.000000000 0.000000000
0.000000000 0.000000000
0.000000000 0.000000000
0.000000000 0.000000000
0.000000000 0.000000000
0.000000000 0.000000000
0.000000000 0.000000000
0.000000000 0.836656000
0.000000000 3.000000000
0.000000000 2.509968000
0.000000000 0.000000000
0.000000000 0.000000000
-0.000000000 0.000000000
0.000000000 3.163344000
0.000000000 0.000000000
0.000000000 -1.836656000
0.000000000 0.000000000
0.000000000 5.163344000
0.000000000 1.163344000
0.000000000 0.000000000
0.000000000 0.000000000
0.000000000 0.000000000
-0.164800669 0.000000000
0.000000000 0.000000000
0.000000000 0.000000000
0.000000000 -1.000000000
0.000000000 0.000000000
0.000000000 0.000000000
0.000000000 0.000000000
0.000000000 0.000000000
0.000000000 0.000000000
0.000000000 0.000000000
0.000000000 0.000000000
-0.055658840 -0.306752000
0.000000000 0.000000000
0.000000000 0.000000000
0.000000000 0.000000000
0.000000000 0.000000000
0.000000000 0.000000000
0.000000000 0.000000000
0.000000000 0.000000000
0.000000000 0.000000000
0.000000000 0.000000000
0.035655326 0.000000000
0.000000000 0.000000000
0.000000000 0.000000000
-0.031303623 -0.549840000
0.000000000 0.000000000
0.000000000 0.000000000
0.000000000 0.000000000
0.073486503 4.326688000
0.000000000 0.000000000
0.000000000 0.000000000
0.000000000 0.000000000
0.000000000 0.000000000
0.000000000 0.000000000
0.000000000 6.183280000
0.000000000 0.000000000
0.000000000 0.000000000
0.000000000 0.000000000
0.000000000 0.000000000
0.000000000 0.000000000
-0.017827663 -0.836656000
0.000000000 7.000000000
0.000000000 0.000000000
0.017827663 0.000000000
0.000000000 0.000000000
0.000000000 0.000000000
0.000000000 0.000000000
0.000000000 0.000000000
0.000000000 1.000000000
0.000000000 0.000000000
0.000000000 0.000000000
0.000000000 1.673312000
0.000000000 0.000000000
0.460922532 0.776848000
0.000000000 0.000000000
0.000000000 1.326688000
0.000000000 0.000000000
0.000000000 0.000000000
0.000000000 0.000000000
0.000000000 0.000000000
0.000000000 0.000000000
0.000000000 0.000000000
0.002175851 0.470096000
0.000000000 -0.836656000
0.000000000 0.000000000
0.000000000 -1.836656000
0.000000000 0.000000000
0.000000000 0.000000000
0.000000000 0.000000000
0.000000000 0.000000000
0.000000000 0.000000000
0.000000000 0.000000000
0.000000000 0.000000000
0.000000000 0.000000000
0.000000000 3.673312000
0.035655326 3.509968000
0.000000000 0.000000000
0.000000000 3.673312000
0.000000000 0.000000000
0.000000000 0.000000000
0.000000000 0.000000000
0.000000000 0.000000000
0.000000000 -0.490032000
0.000000000 0.000000000
0.000000000 0.000000000
0.000000000 0.000000000
0.000000000 -3.000000000
0.000000000 0.000000000
0.000000000 1.000000000
-0.213931954 -5.039872000
0.000000000 1.346624000
0.000000000 0.000000000
-0.126969492 0.000000000
-0.017827663 0.000000000
0.000000000 0.000000000
0.000000000 0.000000000
-0.017827663 -1.673312000
0.000000000 0.000000000
0.000000000 0.000000000
0.000000000 5.019936000
0.000000000 0.000000000
0.000000000 -0.836656000
-0.002175851 -0.490032000
0.000000000 0.000000000
0.000000000 0.000000000
0.000000000 0.000000000
0.000000000 -3.326688000
0.690927149 2.669456000
0.000000000 0.000000000
0.073486503 1.000000000
0.000000000 0.000000000
0.000000000 0.000000000
0.000000000 0.000000000
0.000000000 0.000000000
0.000000000 -1.163344000
0.000000000 0.000000000
0.000000000 0.000000000
0.000000000 0.000000000
0.334373892 0.936336000
0.000000000 0.000000000
0.000000000 0.000000000
0.000000000 0.000000000
-0.000000000 0.000000000
0.000000000 1.470096000
0.000000000 0.816720000
-0.017827663 0.000000000
0.000000000 -0.836656000
0.000000000 0.000000000
0.000000000 0.000000000
0.000000000 0.000000000
0.000000000 0.000000000
0.000000000 0.000000000
-0.000000000 0.000000000
0.000000000 0.000000000
0.000000000 0.000000000
0.000000000 0.000000000
0.000000000 -1.163344000
0.000000000 0.000000000
0.000000000 0.000000000
0.000000000 0.000000000
0.000000000 0.000000000
0.000000000 0.000000000
0.000000000 0.000000000
0.000000000 0.000000000
0.000000000 1.143408000
0.000000000 0.000000000
0.000000000 0.000000000
0.000000000 0.000000000
0.000000000 0.000000000
0.000000000 0.000000000
0.000000000 -0.163344000
0.000000000 0.000000000
-0.073486503 -1.816720000
0.000000000 0.000000000
0.000000000 -2.346624000
0.126969492 0.000000000
0.000000000 0.000000000
0.000000000 -1.836656000
0.000000000 0.000000000
0.000000000 3.346624000
0.000000000 0.000000000
0.000000000 0.509968000
0.000000000 2.163344000
0.000000000 0.000000000
0.000000000 -2.836656000
0.000000000 3.183280000
0.000000000 0.000000000
0.000000000 0.000000000
0.000000000 -4.039872000
0.000000000 0.000000000
0.000000000 0.000000000
0.000000000 7.000000000
0.000000000 0.000000000
0.000000000 0.000000000
0.000000000 0.000000000
0.000000000 0.000000000
0.000000000 0.326688000
-0.055658840 0.000000000
0.000000000 0.000000000
0.000000000 6.673312000
0.000000000 0.000000000
0.000000000 0.000000000
0.000000000 0.000000000
0.000000000 0.000000000
0.000000000 -4.366560000
0.000000000 0.000000000
0.000000000 0.000000000
0.000000000 0.000000000
0.000000000 0.000000000
0.000000000 0.000000000
0.000000000 0.000000000
0.000000000 -0.163344000
0.000000000 0.000000000
0.000000000 0.000000000
0.000000000 0.000000000
0.000000000 0.000000000
0.000000000 0.000000000
-0.000000000 -0.490032000
0.000000000 0.000000000
0.000000000 4.000000000
0.000000000 0.000000000
0.000000000 -0.163344000
0.000000000 0.000000000
0.000000000 0.326688000
0.000000000 1.836656000
0.149148857 0.653376000
0.000000000 0.000000000
0.000000000 0.000000000
0.000000000 0.000000000
0.000000000 0.000000000
0.000000000 0.000000000
0.000000000 0.000000000
0.000000000 2.000000000
0.000000000 0.000000000
0.000000000 3.673312000
-0.089138314 -2.183280000
0.000000000 0.000000000
0.000000000 0.000000000
0.000000000 0.000000000
0.000000000 -2.000000000
-0.035655326 -1.673312000
0.000000000 0.000000000
0.020003514 0.163344000
0.000000000 0.000000000
0.000000000 0.000000000
0.000000000 0.000000000
0.000000000 0.000000000
0.000000000 -0.836656000
-0.000000000 0.000000000
0.000000000 0.000000000
0.000000000 0.000000000
0.000000000 0.000000000
0.000000000 0.000000000
0.000000000 4.000000000
0.000000000 0.000000000
0.000000000 0.000000000
0.000000000 0.000000000
0.000000000 0.000000000
0.000000000 0.000000000
0.000000000 0.000000000
0.000000000 0.000000000
0.000000000 2.653376000
0.000000000 0.000000000
0.000000000 0.000000000
0.000000000 0.000000000
0.000000000 0.000000000
0.000000000 0.000000000
0.000000000 0.000000000
0.000000000 0.000000000
0.000000000 -2.163344000
0.000000000 0.000000000
0.000000000 0.000000000
0.000000000 0.000000000
-0.251763132 -0.693248000
0.000000000 -0.836656000
0.000000000 0.000000000
0.000000000 0.000000000
0.000000000 -1.836656000
0.000000000 0.000000000
0.000000000 0.000000000
0.000000000 0.000000000
0.000000000 -0.673312000
0.000000000 0.000000000
0.000000000 0.000000000
0.000000000 0.000000000
0.000000000 6.183280000
0.000000000 0.000000000
0.000000000 0.000000000
0.000000000 0.000000000
0.000000000 0.000000000
0.000000000 0.000000000
0.000000000 0.000000000
0.000000000 0.000000000
0.000000000 -0.326688000
0.000000000 -0.346624000
0.000000000 0.000000000
0.000000000 0.000000000
0.000000000 0.000000000
0.000000000 0.326688000
0.000000000 -0.163344000
0.000000000 0.000000000
0.000000000 0.326688000
0.000000000 0.000000000
0.000000000 0.000000000
0.000000000 0.000000000
0.000000000 1.836656000
0.218283657 0.000000000
0.000000000 0.000000000
0.000000000 0.000000000
0.000000000 0.000000000
0.000000000 0.000000000
0.000000000 0.000000000
0.000000000 0.000000000
0.000000000 0.000000000
0.000000000 0.000000000
0.017827663 0.000000000
0.000000000 0.000000000
0.000000000 0.000000000
0.000000000 2.000000000
-0.053482989 0.000000000
0.000000000 0.000000000
0.000000000 0.000000000
0.000000000 5.346624000
0.000000000 0.000000000
0.000000000 0.000000000
0.000000000 0.000000000
0.000000000 0.000000000
0.000000000 0.000000000
0.000000000 -3.163344000
0.000000000 0.000000000
0.000000000 -0.673312000
0.000000000 0.000000000
-0.000000000 -0.673312000
0.000000000 0.000000000
0.000000000 0.000000000
-0.033479474 -0.529904000
0.000000000 0.000000000
0.069134800 6.366560000
0.000000000 5.509968000
0.000000000 -6.346624000
0.000000000 0.000000000
0.000000000 0.000000000
0.000000000 0.000000000
-0.017827663 0.000000000
0.000000000 0.000000000
0.000000000 4.529904000
0.000000000 0.000000000
0.000000000 0.000000000
0.000000000 0.836656000
0.000000000 0.000000000
0.000000000 -4.693248000
0.000000000 0.000000000
0.000000000 0.000000000
0.000000000 0.000000000
0.000000000 8.163344000
0.000000000 0.000000000
0.000000000 0.000000000
0.545709144 0.000000000
0.000000000 0.000000000
0.000000000 0.000000000
-0.204807698 -2.123472000
0.000000000 0.000000000
0.000000000 0.000000000
0.000000000 0.000000000
0.000000000 0.000000000
0.000000000 0.000000000
0.000000000 0.000000000
0.000000000 0.000000000
0.000000000 0.000000000
0.000000000 0.000000000
0.000000000 3.346624000
0.000000000 0.000000000
0.000000000 0.000000000
0.000000000 -0.490032000
0.000000000 2.509968000
0.000000000 0.000000000
0.000000000 0.000000000
0.000000000 -3.346624000
0.000000000 0.000000000
0.000000000 0.000000000
0.000000000 0.000000000
0.000000000 0.000000000
0.000000000 0.000000000
0.000000000 0.000000000
0.000000000 0.000000000
0.000000000 0.000000000
0.000000000 1.000000000
0.000000000 0.000000000
0.000000000 1.673312000
0.182628332 0.000000000
0.000000000 0.000000000
0.000000000 0.000000000
0.000000000 0.000000000
0.000000000 0.000000000
0.000000000 0.000000000
0.000000000 0.000000000
0.000000000 0.000000000
0.000000000 0.000000000
0.000000000 0.000000000
0.000000000 0.000000000
0.000000000 0.000000000
0.000000000 0.000000000
0.000000000 0.000000000
0.002175851 0.980064000
0.000000000 0.000000000
0.000000000 7.509968000
0.017827663 0.000000000
0.000000000 0.000000000
0.000000000 0.000000000
0.000000000 0.000000000
0.000000000 0.000000000
0.000000000 0.000000000
0.000000000 0.000000000
0.000000000 0.000000000
0.000000000 0.000000000
0.000000000 0.000000000
0.000000000 0.000000000
0.000000000 0.836656000
0.000000000 0.000000000
0.000000000 -1.000000000
0.091314166 0.000000000
0.000000000 0.000000000
0.000000000 0.000000000
0.000000000 0.000000000
0.000000000 0.000000000
0.000000000 0.000000000
0.000000000 0.000000000
0.000000000 0.000000000
0.000000000 0.000000000
0.000000000 0.000000000
0.000000000 2.326688000
0.000000000 0.000000000
0.000000000 0.000000000
0.000000000 0.000000000
0.000000000 0.673312000
0.000000000 0.000000000
0.000000000 0.000000000
0.000000000 0.000000000
0.000000000 3.836656000
0.000000000 0.000000000
0.000000000 0.000000000
0.000000000 0.000000000
0.000000000 0.000000000
0.000000000 0.000000000
0.000000000 0.000000000
0.000000000 0.000000000
0.000000000 -1.000000000
0.000000000 -0.163344000
0.000000000 0.000000000
0.000000000 0.000000000
0.000000000 0.000000000
0.000000000 0.000000000
0.000000000 0.000000000
0.000000000 0.000000000
0.000000000 0.000000000
0.000000000 3.836656000
0.327425486 0.000000000
0.000000000 0.000000000
0.033479474 0.000000000
0.000000000 0.000000000
0.000000000 0.000000000
0.000000000 0.000000000
0.000000000 0.000000000
0.000000000 0.000000000
0.000000000 0.000000000
0.000000000 0.000000000
0.000000000 -0.163344000
-0.000000000 0.000000000
-0.146973006 0.000000000
0.000000000 0.000000000
0.000000000 0.000000000
0.000000000 -0.836656000
0.000000000 0.000000000
0.000000000 0.000000000
0.000000000 0.000000000
0.000000000 0.000000000
0.000000000 0.000000000
0.000000000 0.000000000
0.000000000 -9.000000000
0.126969492 2.836656000
-0.000000000 -0.163344000
0.000000000 0.000000000
0.000000000 0.000000000
0.000000000 0.000000000
0.000000000 0.000000000
0.000000000 0.000000000
0.000000000 0.000000000
0.000000000 0.000000000
0.000000000 -1.000000000
0.000000000 0.000000000
0.000000000 0.000000000
0.000000000 0.000000000
0.017827663 0.163344000
0.000000000 0.000000000
0.000000000 0.000000000
0.000000000 0.000000000
0.000000000 0.000000000
0.000000000 0.000000000
0.000000000 0.000000000
-0.002175851 -0.633440000
0.000000000 -0.836656000
0.000000000 0.000000000
0.000000000 0.000000000
0.000000000 0.000000000
0.000000000 0.490032000
0.000000000 0.000000000
-0.000000000 -0.163344000
0.004351703 0.796784000
0.000000000 1.673312000
0.000000000 0.000000000
0.000000000 0.000000000
0.000000000 6.000000000
0.000000000 0.673312000
0.000000000 0.000000000
-0.109141829 0.000000000
0.000000000 0.000000000
0.000000000 -3.346624000
0.000000000 0.000000000
0.000000000 -1.000000000
0.000000000 -2.000000000
0.000000000 0.163344000
0.000000000 0.000000000
0.000000000 0.000000000
0.000000000 0.000000000
0.000000000 0.000000000
0.000000000 -1.673312000
0.000000000 0.000000000
-0.091314166 0.000000000
0.000000000 -0.673312000
0.000000000 0.000000000
0.000000000 0.000000000
0.000000000 0.000000000
0.000000000 0.000000000
0.000000000 0.000000000
0.000000000 0.000000000
0.000000000 3.000000000
0.000000000 0.000000000
0.000000000 0.000000000
0.000000000 0.000000000
0.000000000 1.183280000
0.000000000 0.000000000
-0.000000000 -0.836656000
0.086541612 0.697104000
0.000000000 0.000000000
0.000000000 0.673312000
0.000000000 0.000000000
0.000000000 0.000000000
0.000000000 0.000000000
-0.273942498 0.000000000
0.000000000 0.836656000
0.000000000 0.000000000
0.000000000 -0.980064000
0.000000000 0.000000000
0.000000000 0.000000000
0.000000000 0.000000000
0.000000000 0.000000000
0.000000000 0.000000000
0.000000000 0.000000000
0.000000000 -0.836656000
0.000000000 0.000000000
0.000000000 0.000000000
0.000000000 0.000000000
0.000000000 0.000000000
0.000000000 0.000000000
0.000000000 0.000000000
0.000000000 -0.836656000
0.000000000 0.000000000
0.000000000 0.000000000
0.000000000 0.000000000
0.000000000 0.000000000
0.000000000 0.000000000
0.000000000 0.326688000
0.000000000 0.000000000
0.000000000 0.000000000
0.000000000 0.000000000
0.000000000 1.836656000
0.000000000 0.000000000
0.000000000 -0.163344000
0.000000000 0.000000000
0.000000000 3.183280000
0.000000000 0.000000000
0.000000000 0.000000000
0.000000000 1.000000000
0.000000000 0.000000000
0.000000000 0.000000000
0.000000000 0.000000000
0.000000000 0.000000000
0.000000000 0.000000000
0.000000000 0.000000000
0.000000000 2.673312000
0.000000000 0.000000000
0.000000000 0.000000000
0.000000000 -0.326688000
0.000000000 0.000000000
0.000000000 0.000000000
-0.002175851 0.000000000
0.000000000 0.000000000
0.000000000 5.836656000
0.000000000 -0.163344000
0.000000000 1.673312000
0.000000000 0.000000000
0.000000000 0.000000000
0.017827663 0.000000000
0.000000000 0.000000000
0.000000000 0.000000000
0.000000000 0.000000000
0.000000000 0.000000000
0.000000000 0.000000000
0.000000000 0.000000000
0.000000000 0.000000000
0.000000000 2.509968000
0.000000000 7.529904000
0.000000000 0.000000000
0.000000000 0.000000000
0.013475960 4.713184000
0.000000000 0.000000000
0.000000000 0.000000000
0.000000000 -4.183280000
0.000000000 0.000000000
0.000000000 0.000000000
0.000000000 -0.183280000
0.000000000 0.000000000
0.073486503 2.326688000
0.000000000 0.000000000
0.106965977 1.673312000
0.000000000 2.509968000
0.000000000 0.000000000
0.000000000 0.000000000
0.000000000 0.000000000
0.000000000 0.000000000
0.000000000 -4.183280000
0.000000000 0.000000000
0.109141829 0.000000000
0.000000000 0.000000000
0.026531069 3.756912000
0.000000000 0.000000000
0.000000000 0.000000000
0.000000000 0.000000000
0.000000000 0.000000000
0.000000000 0.000000000
0.000000000 0.000000000
0.000000000 0.000000000
0.000000000 5.019936000
0.000000000 0.000000000
0.000000000 0.000000000
0.000000000 0.000000000
0.000000000 0.000000000
0.000000000 0.000000000
0.000000000 0.000000000
0.000000000 0.000000000
0.000000000 2.490032000
0.000000000 0.000000000
0.000000000 4.529904000
0.000000000 0.000000000
0.000000000 0.000000000
0.000000000 3.183280000
0.000000000 0.000000000
0.000000000 0.000000000
0.000000000 0.000000000
0.000000000 0.000000000
0.000000000 0.000000000
0.000000000 0.000000000
0.000000000 0.000000000
-0.265239092 -4.569776000
0.000000000 0.000000000
0.000000000 0.000000000
0.000000000 0.000000000
0.035655326 6.346624000
0.000000000 0.000000000
0.000000000 0.000000000
0.000000000 0.816720000
0.000000000 0.000000000
0.000000000 0.000000000
0.000000000 0.000000000
0.000000000 2.509968000
0.000000000 0.000000000
0.000000000 0.163344000
0.000000000 0.000000000
0.000000000 0.836656000
0.000000000 4.000000000
0.000000000 0.000000000
0.000000000 0.000000000
0.000000000 0.000000000
0.000000000 0.000000000
0.000000000 0.000000000
0.000000000 0.000000000
0.000000000 0.000000000
0.000000000 0.000000000
0.000000000 0.000000000
0.000000000 0.000000000
0.000000000 3.000000000
0.000000000 0.000000000
0.000000000 0.000000000
0.000000000 0.000000000
0.000000000 0.000000000
0.033058623 1.860448000
0.000000000 0.000000000
0.000000000 0.000000000
0.000000000 0.000000000
0.000000000 0.000000000
0.000000000 0.000000000
0.000000000 0.000000000
0.487874452 0.366560000
0.000000000 0.836656000
0.000000000 -2.836656000
0.000000000 0.000000000
0.000000000 0.000000000
0.000000000 0.000000000
0.000000000 0.000000000
0.000000000 0.000000000
0.000000000 -1.836656000
0.000000000 0.000000000
0.000000000 0.000000000
0.000000000 0.000000000
0.000000000 0.000000000
0.000000000 -0.673312000
0.000000000 -1.673312000
0.000000000 0.000000000
0.000000000 0.000000000
0.000000000 0.000000000
0.000000000 0.000000000
0.000000000 1.000000000
0.000000000 0.000000000
-0.004351703 -1.796784000
-0.000000000 0.000000000
0.000000000 0.836656000
0.017827663 0.000000000
0.000000000 0.000000000
0.000000000 0.000000000
0.000000000 0.000000000
0.000000000 0.000000000
0.000000000 0.000000000
0.000000000 3.000000000
0.000000000 0.000000000
0.000000000 0.000000000
0.000000000 0.000000000
0.000000000 0.000000000
0.000000000 0.000000000
0.000000000 0.000000000
-0.086962463 0.000000000
0.000000000 -1.163344000
0.000000000 0.000000000
0.000000000 0.000000000
0.000000000 0.000000000
0.000000000 0.000000000
0.000000000 0.000000000
0.000000000 0.000000000
0.000000000 0.000000000
0.000000000 0.000000000
0.000000000 0.000000000
0.000000000 0.000000000
0.000000000 0.000000000
0.000000000 0.836656000
0.000000000 0.000000000
0.000000000 -0.326688000
0.000000000 0.000000000
0.185225034 0.466240000
0.000000000 0.000000000
0.000000000 0.000000000
0.000000000 0.000000000
0.000000000 0.000000000
0.000000000 0.000000000
0.000000000 0.000000000
0.000000000 0.000000000
0.000000000 0.000000000
0.017827663 0.000000000
0.000000000 0.000000000
-0.203052697 -0.139552000
-0.071310651 0.000000000
0.000000000 0.000000000
-0.000000000 0.000000000
0.000000000 0.000000000
0.073486503 3.326688000
0.000000000 0.000000000
0.000000000 0.000000000
0.000000000 0.000000000
0.000000000 0.000000000
0.000000000 0.000000000
0.000000000 0.000000000
0.000000000 0.000000000
0.000000000 0.000000000
0.000000000 0.000000000
0.000000000 0.000000000
0.000000000 0.000000000
0.000000000 0.000000000
0.000000000 -3.163344000
0.000000000 4.183280000
0.000000000 -1.000000000
0.000000000 0.000000000
0.000000000 0.000000000
0.000000000 0.000000000
0.000000000 0.000000000
0.000000000 0.000000000
0.000000000 0.000000000
0.000000000 0.000000000
0.000000000 0.000000000
0.000000000 0.000000000
0.000000000 0.000000000
0.000000000 0.000000000
-0.000000000 -3.836656000
0.000000000 0.000000000
0.000000000 0.000000000
0.017827663 0.000000000
0.000000000 0.000000000
0.000000000 0.836656000
0.000000000 -5.019936000
0.000000000 0.000000000
0.000000000 -1.836656000
0.000000000 0.000000000
0.000000000 3.000000000
0.000000000 0.000000000
0.000000000 1.000000000
0.073486503 0.000000000
0.000000000 0.000000000
0.000000000 0.000000000
-0.035655326 0.000000000
0.000000000 0.000000000
0.000000000 0.000000000
0.000000000 -1.346624000
0.000000000 -0.163344000
0.000000000 -0.163344000
0.000000000 0.000000000
0.000000000 0.000000000
0.000000000 0.000000000
0.000000000 0.000000000
0.000000000 3.856592000
0.000000000 0.000000000
0.000000000 -2.673312000
0.000000000 0.000000000
0.000000000 0.000000000
0.000000000 0.000000000
0.000000000 0.326688000
0.414387949 0.183280000
0.000000000 0.000000000
0.000000000 0.000000000
0.000000000 0.000000000
0.000000000 0.000000000
0.000000000 0.000000000
-0.000000000 0.000000000
0.000000000 0.000000000
0.000000000 -0.490032000
0.000000000 0.000000000
0.000000000 0.000000000
0.000000000 0.000000000
0.000000000 0.000000000
0.000000000 -5.183280000
0.000000000 0.000000000
0.000000000 0.000000000
0.000000000 0.000000000
0.000000000 -4.509968000
0.000000000 0.000000000
0.000000000 0.000000000
0.000000000 0.000000000
0.000000000 0.000000000
0.345253149 0.000000000
0.000000000 0.000000000
0.000000000 0.000000000
0.000000000 0.000000000
0.000000000 0.000000000
0.000000000 0.673312000
-0.472222641 0.000000000
0.000000000 1.000000000
0.000000000 0.000000000
0.000000000 0.000000000
0.000000000 0.000000000
0.000000000 0.000000000
0.000000000 0.000000000
0.000000000 3.856592000
0.000000000 0.000000000
0.000000000 0.000000000
0.000000000 4.000000000
-0.000000000 0.000000000
0.000000000 0.000000000
0.000000000 0.000000000
0.000000000 0.000000000
0.000000000 0.000000000
0.000000000 2.509968000
0.000000000 0.000000000
0.000000000 -0.836656000
0.000000000 0.000000000
0.000000000 0.000000000
0.000000000 0.000000000
0.000000000 0.000000000
0.000000000 0.000000000
0.505702115 2.366560000
0.000000000 1.836656000
0.000000000 5.183280000
0.000000000 0.000000000
0.000000000 0.000000000
-0.126969492 0.000000000
0.000000000 2.346624000
0.000000000 0.000000000
0.000000000 0.000000000
0.000000000 0.000000000
0.000000000 0.000000000
0.873134630 0.000000000
0.000000000 0.000000000
0.000000000 0.000000000
0.000000000 0.000000000
0.000000000 0.000000000
0.000000000 0.000000000
0.000000000 0.000000000
0.000000000 -0.163344000
0.000000000 -0.163344000
22.2801425337
